<GProduct signature="+++0">
	<CayleyTable rows="16">
		<row id="0"  cells=" 1,  2,  3,  4,  5,  6,  7,  8,  9, 10, 11, 12, 13, 14, 15, 16" />
		<row id="1"  cells=" 2,  1,  6,  7,  8,  3,  4,  5, 12, 13, 14,  9, 10, 11, 16, 15" />
		<row id="2"  cells=" 3,- 6,  1,  9, 10,- 2,-12,-13,  4,  5, 15,- 7,- 8,-16, 11,-14" />
		<row id="3"  cells=" 4,- 7,- 9,  1, 11, 12,- 2,-14,- 3,-15,  5,  6, 16,- 8,-10, 13" />
		<row id="4"  cells=" 5,- 8,-10,-11,  0, 13, 14,  0, 15,  0,  0,-16,  0,  0,  0,  0" />
		<row id="5"  cells=" 6,- 3,  2, 12, 13,- 1,- 9,-10,  7,  8, 16,- 4,- 5,-15, 14,-11" />
		<row id="6"  cells=" 7,- 4,-12,  2, 14,  9,- 1,-11,- 6,-16,  8,  3, 15,- 5,-13, 10" />
		<row id="7"  cells=" 8,- 5,-13,-14,  0, 10, 11,  0, 16,  0,  0,-15,  0,  0,  0,  0" />
		<row id="8"  cells=" 9, 12,- 4,  3, 15,- 7,  6, 16,- 1,-11, 10,- 2,-14, 13,- 5,- 8" />
		<row id="9"  cells="10, 13,- 5,-15,  0,- 8,-16,  0, 11,  0,  0, 14,  0,  0,  0,  0" />
		<row id="10" cells="11, 14, 15,- 5,  0, 16,- 8,  0,-10,  0,  0,-13,  0,  0,  0,  0" />
		<row id="11" cells="12,  9,- 7,  6, 16,- 4,  3, 15,- 2,-14, 13,- 1,-11, 10,- 8,- 5" />
		<row id="12" cells="13, 10,- 8,-16,  0,- 5,-15,  0, 14,  0,  0, 11,  0,  0,  0,  0" />
		<row id="13" cells="14, 11, 16,- 8,  0, 15,- 5,  0,-13,  0,  0,-10,  0,  0,  0,  0" />
		<row id="14" cells="15,-16, 11,-10,  0,-14, 13,  0,- 5,  0,  0,  8,  0,  0,  0,  0" />
		<row id="15" cells="16,-15, 14,-13,  0,-11, 10,  0,- 8,  0,  0,  5,  0,  0,  0,  0" />
	</CayleyTable>
</GProduct>

{
"gproduct": {
	"signature": "+++0", 
	"cayleytable": [[1,2,3,4,5,6,7,8,9,10,11,12,13,14,15,16],
					[2,1,6,7,8,3,4,5,12,13,14,9,10,11,16,15],
					[3,-6,1,9,10,-2,-12,-13,4,5,15,-7,-8,-16,11,-14],
					[4,-7,-9,1,11,12,-2,-14,-3,-15,5,6,16,-8,-10,13],
					[5,-8,-10,-11,0,13,14,0,15,0,0,-16,0,0,0,0],
					[6,-3,2,12,13,-1,-9,-10,7,8,16,-4,-5,-15,14,-11],
					[7,-4,-12,2,14,9,-1,-11,-6,-16,8,3,15,-5,-13,10],
					[8,-5,-13,-14,0,10,11,0,16,0,0,-15,0,0,0,0],
					[9,12,-4,3,15,-7,6,16,-1,-11,10,-2,-14,13,-5,-8],
					[10,13,-5,-15,0,-8,-16,0,11,0,0,14,0,0,0,0],
					[11,14,15,-5,0,16,-8,0,-10,0,0,-13,0,0,0,0],
					[12,9,-7,6,16,-4,3,15,-2,-14,13,-1,-11,10,-8,-5],
					[13,10,-8,-16,0,-5,-15,0,14,0,0,11,0,0,0,0],
					[14,11,16,-8,0,15,-5,0,-13,0,0,-10,0,0,0,0],
					[15,-16,11,-10,0,-14,13,0,-5,0,0,8,0,0,0,0],
					[16,-15,14,-13,0,-11,10,0,-8,0,0,5,0,0,0,0]]
	}
}