<GProduct signature="0-+++">
	<CayleyTable rows="32">
		<row id="0"  cells=" 1,  2,  3,  4,  5,  6,  7,  8,  9, 10, 11, 12, 13, 14, 15, 16, 17, 18, 19, 20, 21, 22, 23, 24, 25, 26, 27, 28, 29, 30, 31, 32" />
		<row id="1"  cells=" 2,  0,  7,  8,  9, 10,  0,  0,  0,  0, 17, 18, 19, 20, 21, 22,  0,  0,  0,  0,  0,  0, 27, 28, 29, 30,  0,  0,  0,  0, 32,  0" />
		<row id="2"  cells=" 3,- 7,- 1, 11, 12, 13,  2,-17,-18,-19,- 4,- 5,- 6, 23, 24, 25,  8,  9, 10,-27,-28,-29,-14,-15,-16, 31, 20, 21, 22,-32,-26, 30" />
		<row id="3"  cells=" 4,- 8,-11,  1, 14, 15, 17,- 2,-20,-21,- 3,-23,-24,  5,  6, 26,  7, 27, 28,- 9,-10,-30,-12,-13,-31, 16, 18, 19, 32,-22,-25, 29" />
		<row id="4"  cells=" 5,- 9,-12,-14,  1, 16, 18, 20,- 2,-22, 23,- 3,-25,- 4,-26,  6,-27,  7, 29,  8, 30,-10, 11, 31,-13,-15,-17,-32, 19, 21, 24,-28" />
		<row id="5"  cells=" 6,-10,-13,-15,-16,  1, 19, 21, 22,- 2, 24, 25,- 3, 26,- 4,- 5,-28,-29,  7,-30,  8,  9,-31, 11, 12, 14, 32,-17,-18,-20,-23, 27" />
		<row id="6"  cells=" 7,  0,- 2, 17, 18, 19,  0,  0,  0,  0,- 8,- 9,-10, 27, 28, 29,  0,  0,  0,  0,  0,  0,-20,-21,-22, 32,  0,  0,  0,  0,-30,  0" />
		<row id="7"  cells=" 8,  0,-17,  2, 20, 21,  0,  0,  0,  0,- 7,-27,-28,  9, 10, 30,  0,  0,  0,  0,  0,  0,-18,-19,-32, 22,  0,  0,  0,  0,-29,  0" />
		<row id="8"  cells=" 9,  0,-18,-20,  2, 22,  0,  0,  0,  0, 27,- 7,-29,- 8,-30, 10,  0,  0,  0,  0,  0,  0, 17, 32,-19,-21,  0,  0,  0,  0, 28,  0" />
		<row id="9"  cells="10,  0,-19,-21,-22,  2,  0,  0,  0,  0, 28, 29,- 7, 30,- 8,- 9,  0,  0,  0,  0,  0,  0,-32, 17, 18, 20,  0,  0,  0,  0,-27,  0" />
		<row id="10" cells="11, 17,  4,  3, 23, 24,  8,  7, 27, 28,  1, 14, 15, 12, 13, 31,  2, 20, 21, 18, 19, 32,  5,  6, 26, 25,  9, 10, 30, 29, 16, 22" />
		<row id="11" cells="12, 18,  5,-23,  3, 25,  9,-27,  7, 29,-14,  1, 16,-11,-31, 13,-20,  2, 22,-17,-32, 19,- 4,-26,  6,-24,- 8,-30, 10,-28,-15,-21" />
		<row id="12" cells="13, 19,  6,-24,-25,  3, 10,-28,-29,  7,-15,-16,  1, 31,-11,-12,-21,-22,  2, 32,-17,-18, 26,- 4,- 5, 23, 30,- 8,- 9, 27, 14, 20" />
		<row id="13" cells="14, 20, 23,- 5,  4, 26, 27,- 9,  8, 30,-12, 11, 31,- 1,-16, 15,-18, 17, 32,- 2,-22, 21,- 3,-25, 24,- 6,- 7,-29, 28,-10,-13,-19" />
		<row id="14" cells="15, 21, 24,- 6,-26,  4, 28,-10,-30,  8,-13,-31, 11, 16,- 1,-14,-19,-32, 17, 22,- 2,-20, 25,- 3,-23,  5, 29,- 7,-27,  9, 12, 18" />
		<row id="15" cells="16, 22, 25, 26,- 6,  5, 29, 30,-10,  9, 31,-13, 12,-15, 14,- 1, 32,-19, 18,-21, 20,- 2,-24, 23,- 3,- 4,-28, 27,- 7,- 8,-11,-17" />
		<row id="16" cells="17,  0,  8,  7, 27, 28,  0,  0,  0,  0,  2, 20, 21, 18, 19, 32,  0,  0,  0,  0,  0,  0,  9, 10, 30, 29,  0,  0,  0,  0, 22,  0" />
		<row id="17" cells="18,  0,  9,-27,  7, 29,  0,  0,  0,  0,-20,  2, 22,-17,-32, 19,  0,  0,  0,  0,  0,  0,- 8,-30, 10,-28,  0,  0,  0,  0,-21,  0" />
		<row id="18" cells="19,  0, 10,-28,-29,  7,  0,  0,  0,  0,-21,-22,  2, 32,-17,-18,  0,  0,  0,  0,  0,  0, 30,- 8,- 9, 27,  0,  0,  0,  0, 20,  0" />
		<row id="19" cells="20,  0, 27,- 9,  8, 30,  0,  0,  0,  0,-18, 17, 32,- 2,-22, 21,  0,  0,  0,  0,  0,  0,- 7,-29, 28,-10,  0,  0,  0,  0,-19,  0" />
		<row id="20" cells="21,  0, 28,-10,-30,  8,  0,  0,  0,  0,-19,-32, 17, 22,- 2,-20,  0,  0,  0,  0,  0,  0, 29,- 7,-27,  9,  0,  0,  0,  0, 18,  0" />
		<row id="21" cells="22,  0, 29, 30,-10,  9,  0,  0,  0,  0, 32,-19, 18,-21, 20,- 2,  0,  0,  0,  0,  0,  0,-28, 27,- 7,- 8,  0,  0,  0,  0,-17,  0" />
		<row id="22" cells="23,-27,-14,-12, 11, 31, 20, 18,-17,-32,  5,- 4,-26,- 3,-25, 24,- 9,  8, 30,  7, 29,-28,  1, 16,-15,-13,- 2,-22, 21, 19,  6,-10" />
		<row id="23" cells="24,-28,-15,-13,-31, 11, 21, 19, 32,-17,  6, 26,- 4, 25,- 3,-23,-10,-30,  8,-29,  7, 27,-16,  1, 14, 12, 22,- 2,-20,-18,- 5,  9" />
		<row id="24" cells="25,-29,-16, 31,-13, 12, 22,-32, 19,-18,-26,  6,- 5,-24, 23,- 3, 30,-10,  9, 28,-27,  7, 15,-14,  1,-11,-21, 20,- 2, 17,  4,- 8" />
		<row id="25" cells="26,-30,-31, 16,-15, 14, 32,-22, 21,-20,-25, 24,-23,- 6,  5,- 4, 29,-28, 27, 10,- 9,  8, 13,-12, 11,- 1,-19, 18,-17,  2,  3,- 7" />
		<row id="26" cells="27,  0,-20,-18, 17, 32,  0,  0,  0,  0,  9,- 8,-30,- 7,-29, 28,  0,  0,  0,  0,  0,  0,  2, 22,-21,-19,  0,  0,  0,  0, 10,  0" />
		<row id="27" cells="28,  0,-21,-19,-32, 17,  0,  0,  0,  0, 10, 30,- 8, 29,- 7,-27,  0,  0,  0,  0,  0,  0,-22,  2, 20, 18,  0,  0,  0,  0,- 9,  0" />
		<row id="28" cells="29,  0,-22, 32,-19, 18,  0,  0,  0,  0,-30, 10,- 9,-28, 27,- 7,  0,  0,  0,  0,  0,  0, 21,-20,  2,-17,  0,  0,  0,  0,  8,  0" />
		<row id="29" cells="30,  0,-32, 22,-21, 20,  0,  0,  0,  0,-29, 28,-27,-10,  9,- 8,  0,  0,  0,  0,  0,  0, 19,-18, 17,- 2,  0,  0,  0,  0,  7,  0" />
		<row id="30" cells="31, 32, 26, 25,-24, 23, 30, 29,-28, 27, 16,-15, 14,-13, 12,-11, 22,-21, 20,-19, 18,-17,- 6,  5,- 4,- 3,-10,  9,- 8,- 7,- 1,- 2" />
		<row id="31" cells="32,  0, 30, 29,-28, 27,  0,  0,  0,  0, 22,-21, 20,-19, 18,-17,  0,  0,  0,  0,  0,  0,-10,  9,- 8,- 7,  0,  0,  0,  0,- 2,  0" />
	</CayleyTable>
</GProduct>